




# gene counts for some 1600 cells
cd3e <- c(2,0,2,0,0,2,0,2,1,0,1,3,1,0,1,0,0,0,0,4,3,0,0,1,0,0,0,0,1,0,5,2,3,0,0,1,0,2,0,0,7,3,4,4,2,1,2,3,4,0,0,0,0,0,0,0,1,0,0,2,0,0,0,3,0,0,1,0,0,6,2,5,1,0,0,1,0,1,1,2,2,2,0,0,0,0,0,0,0,2,1,1,0,0,0,0,0,0,0,2,1,0,0,1,0,3,0,0,0,0,0,3,0,0,2,0,2,0,0,2,0,0,0,1,0,0,2,2,2,0,0,0,1,0,1,4,1,1,0,0,2,4,0,0,3,0,0,0,1,0,0,0,0,0,1,2,3,4,0,2,3,1,1,0,1,0,0,0,1,0,1,0,1,3,0,1,6,0,0,0,1,2,0,1,0,0,0,0,2,0,0,1,2,2,1,0,0,1,0,2,3,0,1,1,1,3,3,1,2,2,0,0,0,0,1,2,0,2,1,0,0,0,0,0,1,0,3,1,3,1,0,1,2,1,2,1,0,2,1,0,0,4,0,4,2,1,0,0,0,0,0,1,0,0,3,1,4,0,2,4,0,0,0,0,2,0,0,0,4,3,1,0,1,0,0,1,1,0,1,1,1,1,0,1,1,3,0,11,1,0,2,0,0,1,0,1,0,1,0,0,1,2,0,3,0,1,3,3,1,0,0,0,0,3,2,0,2,1,2,0,0,1,0,3,1,4,0,0,0,0,0,
          0,0,0,0,0,1,0,1,1,0,2,1,1,0,0,0,0,1,2,0,0,0,4,1,1,3,1,1,4,0,0,1,0,0,2,0,1,1,0,0,2,0,0,3,1,0,2,3,0,0,0,2,0,0,2,0,0,0,4,0,0,0,2,0,2,0,0,1,0,0,0,0,0,1,1,3,0,2,0,0,0,2,3,0,0,0,4,3,0,0,4,0,0,1,0,9,0,0,0,5,1,0,1,2,0,2,0,0,0,0,0,3,0,0,0,0,0,1,5,0,1,1,0,0,0,0,3,2,1,2,2,1,34,4,3,0,0,0,1,0,0,0,0,2,2,0,2,0,2,0,1,2,0,3,0,7,0,0,1,3,0,6,0,1,2,1,0,1,3,0,0,0,2,2,0,3,0,2,0,3,0,4,0,2,0,2,0,0,1,0,0,0,0,1,3,1,0,0,0,2,2,1,0,3,1,3,0,0,0,2,0,0,2,1,1,2,1,3,0,3,0,2,0,0,4,3,0,0,4,1,0,0,0,3,2,0,0,4,1,4,4,0,1,0,2,0,1,3,2,1,1,0,0,2,0,2,0,0,1,0,0,2,0,0,0,0,0,0,0,0,0,0,0,0,0,1,1,0,1,0,4,1,0,0,1,1,2,0,0,0,0,1,3,0,0,0,0,4,0,0,2,0,1,0,0,1,4,0,0,3,0,0,0,0,0,0,1,0,0,1,0,0,0,0,2,0,1,3,0,0,3,
          6,0,0,0,0,1,2,2,0,0,0,0,4,0,0,0,0,0,2,1,2,1,2,1,0,0,3,0,1,3,0,0,0,0,0,0,2,1,3,0,2,2,2,7,1,2,3,0,0,0,2,0,2,0,0,1,0,1,0,0,1,0,0,2,3,0,2,0,0,1,1,3,2,3,0,4,0,0,1,0,1,0,0,4,0,2,2,2,2,4,0,0,0,0,2,6,1,0,0,1,1,0,0,0,9,1,1,4,1,1,2,2,1,0,4,0,0,0,0,0,2,2,0,0,2,1,4,0,3,0,0,0,0,0,2,0,0,2,0,0,4,6,0,0,3,0,0,0,0,0,3,0,0,0,0,0,4,3,0,1,0,0,0,1,0,0,4,1,2,2,4,4,1,3,0,0,0,3,2,4,2,0,1,2,3,0,3,0,2,0,0,3,0,1,1,0,1,4,4,3,1,2,0,2,1,4,1,0,1,0,0,0,0,0,4,2,3,0,2,0,0,1,0,0,0,0,3,1,0,2,0,0,1,2,1,0,0,3,2,1,0,0,2,0,1,0,0,1,2,1,3,3,0,2,1,1,1,2,2,0,2,2,0,1,0,0,0,2,0,1,2,0,0,0,0,2,3,0,1,1,0,0,0,5,0,0,0,3,0,3,0,0,0,4,0,2,2,1,4,0,0,2,4,0,0,3,2,4,0,0,0,0,0,1,2,0,0,1,2,0,0,0,0,1,1,1,0,0,1,1,2,1,
          2,1,0,0,0,1,0,0,0,1,1,0,1,0,0,18,0,4,3,0,3,1,0,0,0,4,0,2,1,2,3,1,0,1,2,3,2,0,0,1,0,0,0,0,0,0,1,0,0,2,0,0,0,0,0,0,3,3,0,0,1,1,0,0,3,2,5,2,2,2,1,0,1,0,0,2,0,0,0,0,0,0,0,0,2,0,2,4,0,1,1,0,1,0,0,1,0,0,0,0,2,3,0,0,3,1,0,0,4,0,0,1,0,4,1,1,0,0,1,0,3,0,0,2,0,1,1,0,0,1,2,3,0,0,2,0,1,0,0,0,0,0,0,0,0,1,1,0,1,0,0,0,3,2,0,2,0,2,1,3,0,2,2,1,2,0,3,0,6,0,0,2,0,0,1,1,1,7,0,0,0,1,0,3,0,0,0,1,1,0,1,0,0,1,0,1,3,2,3,0,23,0,1,0,4,0,2,3,5,4,0,1,1,1,0,0,1,0,1,0,2,4,0,5,0,0,0,0,1,2,0,2,0,1,1,0,1,3,2,0,3,1,0,0,1,2,2,1,1,0,2,0,0,2,0,0,0,1,2,0,2,0,3,2,0,2,1,1,5,0,0,0,0,0,0,0,0,3,4,3,1,0,1,0,3,0,2,0,0,5,6,1,4,1,0,0,0,2,3,1,0,2,1,0,1,3,0,0,2,0,0,1,0,2,1,0,0,3,2,0,0,1,1,0,1,1,0,0,0,3,0,
          1,0,5,0,0,3,0,0,0,2,0,0,0,0,0,0,0,0,1,0,0,0,25,0,0,2,2,2,0,4,2,1,1,2,3,0,1,0,2,1,0,2,1,0,0,1,1,5,2,0,3,0,0,0,2,0,0,0,2,0,0,2,2,0,3,0,1,0,0,2,1,5,0,0,0,3,1,2,1,0,3,0,7,0,2,2,0,2,1,4,0,0,1,1,0,0,0,0,0,0,0,2,1,3,2,0,0,0,0,0,0,2,0,1,0,1,0,0,0,1,2,0,2,0,7,0,1,0,0,1,0,4,1,0,2,1,0,0,2,2,3,0,4,2,0,2,2,2,1,0,0,1,1,0,2,2,6,0,2,1,1,0,0,0,0,0,0,2,0,1,1,1,2,0,0,0,0,3,2,1,1,3,0,0,0,0,0,0,2,0,1,0,1,2,0,0,0,0,0,0,0,3,2,4,1,0,0,3,0,0,3,1,0,1,0,2,0,0,0,0,0,0,0,0,1,0,1,0,3,2,1,3,0,0,0,1,1,5,3,0,1,0,0,1,1,0,1,0,0,1,1,1,0,0,0,0,0,4,0,2,0,2,1,0,0,0,0,1,3,2,0,3,1,4,0,2,0,0,2,1,0,0,0,1,5,0,5,1,0,1,1,0,1,0,0,0,0,2,0,0,0,0,0,1,2,0,1,1,0,1,1,0,30,2,3,1,1,5,0,2,0,1,0,3,0,1,0,0,0,2,0)
sf <- c(rep(1, 552), rep(.8, 552), rep(1.9, 552))     


dyn.load("../optim_nb_sf/fit_nb_sf.so")




.Call("fit_nb_sf", cd3e, sf, c(mean(cd3e), 1))
